80 0.901828 0.893953 0.100203 0.037004
80 0.766757 0.826264 0.050779 0.018953
80 0.696005 0.791968 0.035206 0.009928
80 0.654367 0.770758 0.023697 0.007220
80 0.451930 0.817238 0.025051 0.055054
80 0.467840 0.748195 0.009479 0.012635
80 0.147258 0.817238 0.145565 0.053249
80 0.322613 0.749549 0.031821 0.011733
80 0.375423 0.726986 0.014218 0.004513
2 0.799594 0.626805 0.345295 0.329422
2 0.330399 0.695848 0.058226 0.063177
2 0.435003 0.676444 0.058903 0.089350
2 0.498984 0.675993 0.033852 0.063177
2 0.557888 0.695848 0.027082 0.027076
