80 0.238659 0.875903 0.126608 0.065884
80 0.380501 0.792419 0.031144 0.018051
80 0.421801 0.767148 0.009479 0.007220
80 0.014895 0.841606 0.028436 0.006318
80 0.223764 0.791065 0.062965 0.015343
80 0.612051 0.928249 0.052810 0.026173
80 0.576168 0.864170 0.033852 0.015343
80 0.555856 0.828971 0.023020 0.009928
80 0.544685 0.807310 0.019634 0.008123
80 0.536899 0.795126 0.014895 0.007220
80 0.530806 0.784296 0.013541 0.003610
2 0.342925 0.745939 0.076506 0.067690
2 0.443805 0.710740 0.038592 0.065884
2 0.489167 0.732852 0.022343 0.025271
2 0.398443 0.727888 0.026405 0.029783
