80 0.057888 0.870036 0.113067 0.030686
80 0.256263 0.813628 0.042654 0.013538
80 0.315166 0.871390 0.062965 0.046029
80 0.636425 0.912455 0.051456 0.025271
80 0.592079 0.864621 0.029113 0.014440
80 0.569059 0.837545 0.022343 0.007220
80 0.398443 0.809116 0.018280 0.009928
80 0.330061 0.791968 0.020988 0.008123
2 0.082938 0.780686 0.164523 0.140794
2 0.894719 0.837996 0.210562 0.324007
2 0.434665 0.737365 0.035206 0.064982
2 0.480704 0.755415 0.017603 0.023466
2 0.379824 0.764892 0.051456 0.049639
