80 0.352742 0.826264 0.050102 0.038809
80 0.748477 0.956227 0.092756 0.046029
80 0.651659 0.869134 0.045362 0.016245
80 0.606974 0.826715 0.029113 0.014440
80 0.582938 0.804603 0.020311 0.008123
80 0.412322 0.776625 0.012187 0.013538
80 0.434326 0.756769 0.007448 0.008123
2 0.949898 0.738718 0.100203 0.107401
2 0.614760 0.740072 0.081246 0.077617
2 0.444482 0.705325 0.031821 0.064079
2 0.478673 0.722022 0.016249 0.018051
2 0.408260 0.728791 0.032498 0.038809
2 0.188558 0.686372 0.375762 0.320397
